[ 1,
  1,
  1,
  1,
  2,
  2,
  2,
  2,
  3,
  3,
  4,
  4,
  5,
  5,
  5,
  5,
  6,
  6,
  10,
  10,
  12,
  12,
  13,
  13,
  13,
  13,
  15,
  15,
  17,
  17,
  18,
  18,
  18,
  18,
  20,
  20,
  23,
  23,
  23,
  23,
  24,
  24,
  24,
  24,
  25,
  25,
  25,
  25,
  25,
  25,
  25,
  25,
  26,
  26,
  26,
  26,
  26,
  26,
  27,
  27,
  28,
  28,
  30,
  30,
  31,
  31,
  32,
  32,
  32,
  32,
  34,
  34,
  36,
  36,
  39,
  39,
  40,
  40,
  42,
  42,
  44,
  44,
  44,
  44,
  47,
  47,
  47,
  47,
  47,
  47,
  48,
  48,
  50,
  50,
  52,
  52,
  52,
  52,
  53,
  53,
  ... 19900 more items ]
