715	5298	8873	631	1288
7764	8550	6776	8293	3845
4940	7373	5614	6999	3421
6869	7386	6420	6462	8645
8601	1156	5118	8119	9465
254	6876	2400	337	6111
4056	1343	314	2796	8736
600	4026	7366	3876	7332
9204	3743	4954	6079	8118
5999	7222	6241	8072	8292
5639	322	9764	4076	9469
6641	8967	723	9276	5232
4384	7058	9213	361	8453
4272	5440	9357	316	8923
4424	4843	5775	202	9239
7383	1055	9251	1783	4434
6076	3484	8906	7791	8317
6492	2291	7157	2164	5317
5084	1509	2645	1285	2276
3752	6935	130	1122	8351
6920	1617	3083	4161	781
9248	7495	8018	9361	5106
6098	2311	857	5133	7482
1765	6983	1180	2246	5878
4311	8732	2989	265	4169
9198	5579	4358	9870	2497
2491	1979	3661	751	3041
2847	5751	5434	5977	8641
3343	9716	4790	4506	6239
7792	4200	2046	7143	1671
4372	6517	1536	7632	9401
8265	7230	9480	7679	9456
4609	8121	2210	847	2833
5560	4079	7729	3401	8712
3106	5394	156	5734	7575
6177	2706	3158	9507	5986
9612	1831	7083	1653	421
569	9154	5469	6551	8728
9207	2496	9995	3489	8310
4684	5167	6100	2438	414
8559	8757	1502	1221	2941
6771	9242	1358	8524	461
8893	225	2404	2454	6347
4260	9862	6463	3312	7351
3913	484	5316	8731	498
447	8766	4877	5817	9113
4353	9063	5573	4419	9010
280	8407	4111	1019	6499
9902	7784	933	8264	2705
3926	9803	9204	5681	9727
3660	97	3052	8561	7603
711	8163	3977	7679	7884
8743	9817	8659	8672	1025
6872	2218	4778	212	7170
6192	3138	1797	6263	3838
9974	2377	9048	8018	5894
5788	2814	4195	1010	2900
6945	1819	3538	4440	8580
8418	7674	9873	7805	6120
9034	2198	6068	5344	7220
5933	1077	7541	4803	3405
9600	9194	3005	3949	5190
7212	2938	3443	3906	6838
5055	9266	3832	4108	3330
6283	346	4581	8531	8458
211	6150	7080	8497	6227
8273	2075	2371	6845	1475
9451	7096	5604	8225	3173
3257	3215	6773	9822	3926
5853	2148	9727	4246	1467
1310	8144	2127	7451	5169
6350	9770	8301	2268	5330
7497	355	9868	4131	5020
517	2408	6250	1025	8878
9799	32	4681	9747	5097
614	6407	5859	887	3816
6048	3193	514	114	6841
6477	7558	4434	1132	1574
5789	9848	4891	5026	5870
4100	2905	1793	3866	4966
5374	3554	7143	1866	1432
3143	9393	7420	3813	177
4850	2050	6226	791	8142
4696	6275	8104	826	2405
7334	9517	1594	8533	7310
647	8299	3518	5022	3215
7427	5968	4128	8552	2333
1658	8885	9031	9189	2446
4365	7847	4522	2520	616
5501	5831	5373	9610	7506
8773	9717	2858	5990	6081
3148	9638	6035	7347	4769
7907	8836	7010	2113	8874
7851	6401	4289	4350	5163
375	6919	6721	6754	348
8419	7395	9583	4084	5159
6845	2910	9644	7746	194
7580	4322	5203	9915	4080
383	8597	1366	2117	1330
9644	2797	9524	6025	4935
7214	3903	8178	8507	6052
1549	4394	6025	9957	4562
2907	2338	5762	8356	900
5985	9048	8192	8578	3213
3530	1127	1764	1339	3901
2009	5598	8223	7729	5466
9996	4359	2524	9691	4138
7855	3889	8194	8051	2532
3431	8251	3845	3860	4597
7780	5270	2415	5399	1624
3167	9943	3186	7304	8297
1522	8276	2578	6290	5530
8541	4646	4422	1246	277
3440	2729	8958	9145	8510
4481	4638	2041	867	7065
3827	2830	8446	320	2250
1081	6965	7449	1823	1021
7826	416	5537	6512	8526
1507	6821	3706	73	7590
6387	6847	8347	4838	7436
6099	4361	7079	2324	5054
789	7422	5292	1888	113
694	106	6968	7218	9200
1268	4172	788	406	3274
6961	1342	6524	607	1711
725	3306	4148	522	2875
7677	7522	4007	7638	8649
2804	6891	7758	5611	2905
5750	7893	6794	612	6713
8604	1153	9494	8374	6090
6225	3476	8108	7959	1503
3724	2141	2797	1610	2090
4733	7787	3132	4836	6779
1450	56	7691	8735	2537
9225	3141	4008	684	977
7894	5546	151	4327	2543
24	949	2068	6910	2050
2509	2583	203	2411	9353
6945	329	5270	4372	2380
1994	1790	6855	4810	8556
6552	9116	8685	1128	2184
5963	2409	5500	4213	7122
4364	1447	6597	438	6513
6388	5291	9031	5209	7356
5282	7710	1119	4062	9619
7266	7741	799	9050	1593
202	2819	2096	5347	6981
2161	1601	5459	314	9052
6462	7878	9076	4982	3019
134	8982	1113	4430	907
4762	39	4337	3492	3305
2928	7759	1111	2487	23
6209	4434	5873	365	1714
4613	8457	362	5236	2035
3483	9715	1672	9552	1639
4324	2496	9667	8759	6453
5665	1092	5967	7452	7434
771	3716	5046	5720	8131
4057	2566	7251	1837	207
6868	8526	750	7394	1927
4252	9680	2016	1341	5094
5766	2301	3561	2637	5044
2792	2305	8085	4405	6279
3887	437	5015	32	7696
8944	8180	1187	1658	8359
9751	6044	1910	1629	8638
4027	1013	1475	8922	7301
8913	1379	9919	2845	9960
777	4184	6619	2816	2449
3217	1804	5652	3215	8049
5788	4760	5211	759	2850
2077	162	3746	5238	4272
5401	7479	2104	6190	1143
1577	998	1086	8675	329
6051	3431	6315	1	3860
9659	6174	8910	5414	1011
7560	2982	4833	2776	9177
7977	9550	7715	2179	846
8701	9006	2846	2806	3320
6442	7569	1611	118	7666
7156	4886	7706	8235	6728
3761	8821	75	4393	7742
9998	118	3485	9743	7806
8398	674	3403	6646	7107
1709	3650	9164	4681	9109
8892	6078	4910	2060	7395
6602	8736	671	9494	8712
2801	8134	6782	1379	9546
5603	3056	3717	5933	7322
670	1381	4939	5026	3562
7984	9130	660	7640	2764
3008	7583	3115	341	4399
4538	1892	7049	7978	361
3587	7165	5972	1534	9081
2271	718	2734	7989	1544
4384	4485	5972	6028	9223
6591	5739	2151	5711	6902
2971	6186	7369	1755	5134
9682	654	6284	7605	8924
3371	7240	6581	2305	7051
851	2893	1807	1172	5889
1398	2283	3011	97	2412
5248	565	8898	8348	7072
5888	76	8160	4062	6374
4565	4177	2531	2935	3922
1998	3346	9692	3122	7255
3683	6806	3728	1736	668
9316	2526	7464	6983	2618
8709	6687	6407	808	5951
3815	7255	1204	8302	5102
73	8106	4451	8851	2453
7809	6233	804	602	773
7354	9422	5277	5855	4340
8431	9923	7936	440	2043
8066	3765	4150	6447	9672
7704	4341	6080	6446	7533
6700	9643	5993	8879	7424
3361	6425	5044	9595	976
7452	3272	825	1366	6149
454	432	2349	2376	6120
7695	7330	2131	2735	7733
5445	9186	3323	7407	6722
8977	4753	943	2138	6528
9086	6189	6484	8276	6545
7877	3935	9787	7379	6664
9705	6856	5011	1298	4498
6174	2377	8955	5173	7909
5729	5427	5094	7021	3206
224	8728	5767	6398	2172
4050	5566	9663	1622	479
7182	4738	1336	7093	2899
7554	9603	5617	9465	1196
2914	5086	5948	624	364
4792	493	4064	5020	4425
9410	7154	5966	4768	4158
3625	52	2174	2256	9473
764	2371	1167	2500	6789
3870	3842	4006	2706	6302
9986	815	216	6410	6434
6581	4232	6350	3698	8037
2219	1344	7342	5251	7576
8565	6084	3763	1728	6271
8926	534	4787	8673	5695
3525	3767	105	3761	8836
3496	577	7892	7909	3588
4140	1080	7402	9748	8618
8304	5818	9443	8060	7714
5365	352	9095	1341	5939
6236	7183	8823	5662	3044
3634	6118	6666	6395	9726
6958	9841	5720	231	6635
9559	199	9459	7009	6129
3107	8153	4859	7736	4890
3897	8281	1586	3290	4742
5106	7759	8032	2818	5621
4781	8108	4035	7885	7633
545	9490	8425	7888	5202
4615	5912	7237	7365	5522
4862	1413	7102	8301	8454
5167	5648	8632	8982	2849
3043	9815	7920	9603	5532
8190	3771	2415	6018	2805
7008	8920	5485	437	1167
9582	3568	125	7322	7055
8797	5675	6707	4996	4596
9606	5362	8775	7975	3224
7116	6199	8052	7825	4629
7790	1599	6774	5531	8720
6198	7901	6242	1907	5496
8205	1700	3502	4585	9247
7683	4562	4659	2940	2254
3995	9372	2869	591	9247
3880	6605	2561	8561	8186
5779	9825	1543	5564	1623
6621	848	4541	2733	4687
3109	4913	2194	6015	574
5011	5758	1623	3230	3720
6446	888	189	7477	1113
7236	2529	8414	2072	4287
8740	7847	3566	7473	111
4770	6410	8119	6365	216
8621	3465	5225	7166	6312
9912	9777	1987	8721	9645
6281	1125	4258	5140	2383
8765	8989	5376	1899	6846
139	2934	6506	4954	4034
3036	4572	9208	4076	6825
4564	135	5851	5746	8411
5507	6132	7810	9905	6127
9238	4364	6207	8246	3571
1714	452	9302	8000	3513
5090	9897	7567	6693	6033
7123	3139	7997	1573	6140
2479	2771	4105	1956	10
6327	8226	6566	9889	797
6917	9158	2583	6310	2809
8484	645	3625	1352	8407
2051	7280	3266	4558	2572
3327	205	9422	2758	7200
4624	618	7122	6600	7018
2766	5358	8944	3344	4931
6051	3382	6277	126	7159
8851	28	4400	7197	6432
6899	1477	2829	312	410
4980	2038	7783	2149	8337
3022	1793	3049	8241	2743
7442	785	7044	7748	2063
8274	8163	3564	1699	4162
5011	9626	7614	9797	8341
1582	2478	4815	2290	1692
711	3148	3088	4702	4045
461	9071	5205	5933	8236
7045	1100	5300	8487	3215
3972	3292	1976	5893	1370
4808	2602	4042	6900	8451
1228	4688	6340	4676	8154
1299	4785	282	8646	2429
7977	3102	8655	2990	6840
2351	9543	339	6193	7321
3442	3632	546	1026	8975
8979	802	3228	9145	4130
8435	3445	744	4725	1129
5751	877	3631	4919	4100
5267	8070	4579	964	7335
5315	8124	6378	4982	6662
5756	7805	5695	2620	8654
6427	3875	2167	357	4296
3756	1857	5623	8079	374
489	3435	7279	9993	2522
4040	678	7182	3488	509
7852	2615	7023	3312	1823
4153	4325	6989	5819	6556
6477	4123	6038	7565	8787
7371	1682	8308	4916	6562
9347	6706	1535	4031	2415
9675	3724	6680	1839	6189
1044	8134	195	7158	2805
7659	8247	1637	4872	6672
814	5390	6197	6773	1045
3894	5109	5933	8114	7200
4691	5008	8665	4574	6836
8107	8587	7669	6582	9415
3024	8671	6927	1463	7941
2705	8984	6657	7374	8993
2523	5272	9493	9311	988
4305	1263	4321	8502	9815
1635	5679	7330	1245	5795
2496	8555	3641	7085	1546
6488	234	3043	603	4738
3852	7768	7994	5650	381
1875	5952	1494	8725	4903
2881	2303	1200	251	7080
7842	6647	4383	5633	375
3464	4882	1488	971	1453
8669	8160	2849	6037	6035
1022	1018	2486	842	8823
2608	9578	1428	4272	2154
2488	6647	976	8874	6900
8180	9079	3382	8798	4478
3162	8481	1330	2716	8763
7725	8403	8545	9320	7843
3878	4315	3558	5343	1909
9148	1317	6835	5111	6963
9816	1410	8177	9035	7952
6335	6450	7507	499	3273
4835	2921	7054	4946	2792
403	9134	72	3709	2797
7643	5043	6964	1567	1835
6555	3526	2882	4545	3251
262	6516	3459	589	7217
9169	9947	9293	4425	9138
9607	7921	3043	4750	4595
7373	5472	9364	9866	4618
9694	1198	7091	400	427
6348	4226	8116	7163	8951
7133	2017	4898	4673	1685
282	9999	751	9459	8391
6618	1602	6176	1051	8043
4707	2272	4388	7383	7642
9231	1484	3466	6535	6004
5545	7266	3280	1332	26
8974	4939	3	1373	9849
5980	9193	3103	5518	9153
7044	5850	9654	1512	3247
3097	4261	6209	7769	9667
2487	9834	7501	266	2874
855	9865	9396	4904	2129
2774	2091	8528	1636	8951
661	3898	6852	100	8340
6365	9057	8671	1774	1442
5972	6185	7218	4727	34
338	3032	9987	9306	5039
5897	4118	7838	2784	9825
9534	9974	7650	5032	3150
1018	4143	391	9691	1179
4687	301	1563	9257	5330
4278	7205	9266	2745	2137
9035	263	3318	690	5831
9379	2372	1432	2853	1114
9725	6324	252	1985	6305
6604	1130	9255	2688	8609
5903	7435	8759	6383	3828
8387	3299	4893	1701	5770
5898	1738	4426	8954	3186
8309	9876	4310	712	9493
1006	6545	2647	8709	615
374	7072	6538	9546	8112
7679	1686	8350	8787	1756
6001	3991	1841	2742	3592
2115	875	2793	9942	6072
8804	715	9649	3113	340
4788	3209	4930	4623	5786
2463	1747	2636	6408	9633
4295	5801	18	1214	1467
7665	2313	3384	4474	2373
9876	7544	3152	1502	4031
6532	2294	9550	6185	2494
3356	8009	9117	7368	1813
5439	8128	5872	2033	4286
5219	2339	4061	9697	3126
9595	9622	9807	1469	3037
8426	3637	7042	3913	3415
4859	6016	6734	9377	3666
2788	6432	244	2614	7048
6016	9188	7449	3631	9382
6284	8474	7929	8006	2579
1330	363	1087	2435	8572
6001	9191	4082	5504	2091
9328	5512	2268	7063	4414
6294	9410	7984	9838	9455
8247	6032	1530	9397	5484
2356	3662	2338	8975	2792
4766	2329	5178	8966	4170
1524	3338	9506	1912	8122
4810	1780	5311	6728	2263
6263	1737	8192	5041	3060
2852	5681	1855	4954	9186
2850	3008	5904	5531	6285
9732	5261	3252	6998	9693
2696	8905	3956	1063	8737
5352	3163	3233	1539	794
4057	6724	7459	9197	2507
9880	484	6127	454	1417
2389	6265	4634	8807	5204
6089	7349	7277	8166	634
3921	4194	8728	6086	1665
2883	1265	8805	753	5422
5375	7597	5107	1597	1419
2697	5239	6976	5606	6102
8687	5040	3599	9185	9205
9559	8374	7561	1749	8000
6847	9714	4300	886	8386
6049	9319	6582	6237	4188
3748	3960	2560	4362	285
232	5196	825	1121	8516
3362	1264	3662	6637	8910
8072	9772	287	810	9913
2714	833	3196	7018	4370
1095	9498	2438	1069	9607
4828	2304	4777	2998	6809
2226	2523	193	5918	2723
7308	1890	7107	6164	198
7939	9639	3264	4009	6214
4627	6378	6087	5340	4525
7040	5680	2406	7128	9746
4873	3200	2357	7169	5378
5838	9634	9991	2353	4979
936	4236	5420	2943	2168
5519	1279	8167	3549	9101
5901	6984	3149	8412	1436
591	7232	5238	3401	7379
592	6375	451	7860	4505
4404	6994	3890	4689	120
2205	2323	2347	1660	9814
6627	1303	2493	3930	9500
3454	9053	161	1293	8532
1028	9666	4844	1855	2992
8910	6328	7603	9011	5038
8886	6261	7853	446	631
922	4305	5805	1870	519
1532	7246	8544	8803	3123
9161	12	5762	4044	6729
9987	2104	2947	3938	937
1810	8474	3253	7899	9801
9788	5265	1424	6636	192
8913	8393	6337	2904	6200
3572	4443	665	1130	3307
9520	459	6718	15	5464
9870	1490	1125	6029	1859
8559	5	9663	9046	4801
4388	330	841	1659	7826
6222	9955	7769	1137	8729
5297	7307	3137	9828	4227
5725	4456	9955	8191	8661
7119	8679	9227	4658	9938
4761	4031	7305	7975	63
7121	6503	5081	8482	2689
4244	1582	4116	6705	4090
7952	5720	1247	4884	4943
2525	1070	4341	9417	4995
5926	9184	9995	5553	4960
6525	4837	134	7351	4920
2617	5723	2686	5200	7416
8912	4753	1629	2361	457
2840	7936	4887	7908	8903
5410	5972	4393	3344	8209
8832	2527	1394	5931	6110
6024	9572	9195	2601	1468
4741	6644	7112	8135	191
123	6880	2576	709	8164
5125	6543	9022	3814	559
4867	6305	2372	6053	5254
5508	5800	1475	2394	8913
5338	3972	218	9221	8229
3741	5795	9428	8779	7498
7670	6322	6537	2922	2840
7543	4168	2485	4856	6509
4427	1179	8060	1678	7801
4386	1357	8154	1760	2833
3456	5397	2188	8378	7092
2754	8894	9903	2000	7754
6733	7828	4453	4235	2231
327	3050	4323	3960	1395
840	2126	728	6839	1983
6307	9167	84	6828	27
8424	4111	6684	3202	502
6127	2045	8157	5578	527
8529	522	5109	2930	3021
7541	4712	7887	5638	2582
1374	2319	5374	3992	3436
7378	6335	6876	9948	793
7376	9218	2475	2484	6624
7525	3681	2374	7668	9082
8545	4324	321	8901	655
6783	3855	5370	106	9481
3392	3144	2733	1727	437
9370	6829	4334	2230	9832
1626	3213	3547	5091	5494
7662	6903	6315	6410	8206
4400	4791	5015	4156	4288
7319	5239	5572	9139	1785
5987	9052	1073	7510	6850
6718	2696	5527	3733	9173
9703	6469	1592	1138	7298
3877	3064	9188	7443	7510
1017	8676	1023	4712	7392
4706	464	6361	4275	4284
2303	2061	660	8373	7046
6889	3973	492	9489	3309
8956	6025	7589	3123	3958
1310	1998	1412	3396	3374
4133	2657	8046	8585	9423
6969	2246	1786	7191	2035
106	542	9563	9730	4117
1820	692	8422	2725	7744
1764	299	6160	2737	2496
888	5594	1279	5178	6668
9885	5045	1200	7949	8171
1365	1773	4850	8497	8824
9033	2371	6512	3582	3119
3059	6817	1353	9776	5740
1476	5290	3790	4897	2337
4583	2421	7300	2635	5193
9601	3432	9030	3885	3143
2864	1662	5157	859	9601
8795	2388	6826	8081	6403
4352	8897	3969	5668	5282
7181	8860	1124	8859	9750
3657	6620	8646	8906	8874
4161	8367	694	1157	6798
5767	8363	740	5536	3630
5597	7709	1662	9234	2352
8798	6262	6990	4570	2434
4687	1597	7036	4534	536
9384	7952	4712	6218	443
1484	5431	4190	155	1099
7135	220	1073	6878	5362
1050	4147	7425	1552	9786
7715	425	8907	2780	461
532	6845	2066	4835	930
701	7256	9833	3460	884
3166	2298	5768	8295	3518
3605	8542	2558	708	2384
4697	1033	3894	1144	4835
8815	9303	9936	6521	5391
3360	6603	3606	9532	4116
8876	5336	7827	6330	6079
4347	7480	1991	8302	2686
2297	4342	595	9610	5836
5095	8207	7556	7980	3907
3999	3604	4264	1206	7334
6312	1523	219	8831	8672
5768	6732	3043	7540	3831
6988	5787	1643	879	5245
5048	1352	4149	3549	207
9974	6688	1473	1463	3076
7042	4581	7166	5203	1990
6476	788	8831	542	6078
3480	3955	4833	7193	5197
4690	3473	9810	8952	8529
3559	8729	3382	805	6069
4798	3859	582	4097	2979
5045	5844	2642	5248	3718
8892	3593	7790	6431	9514
3735	7501	688	2763	3337
7410	1812	3485	3598	4697
6176	555	5995	4375	1065
4453	8268	2460	2195	5962
3325	1454	4283	5689	2380
4361	1381	790	2551	4258
9472	5390	907	9193	5783
3266	6095	1192	2101	5698
1319	6625	5595	1157	4980
4622	8653	1491	9301	6622
8672	3938	47	4760	3221
6545	6400	3997	761	6679
6505	2528	8805	8217	6851
8497	5818	9809	1635	6526
8185	2041	5433	7968	8335
3930	9413	8497	444	2256
4541	6825	9798	6325	573
2810	1754	5515	1764	6888
306	8963	6527	4081	5350
2152	2918	1082	1734	3789
9795	8610	6379	5235	4206
807	2841	1027	9488	5758
7608	6270	7484	497	7215
1489	9568	8321	2215	5803
4607	6415	6768	8830	3284
3844	1079	6684	251	4102
264	3436	9965	3018	7902
4586	8284	5880	6538	7451
5876	6443	3213	2743	5807
7688	6752	9274	2634	8135
9576	3514	3924	4415	8979
5916	6408	5515	2876	5787
5210	7777	5328	4525	3558
6917	741	8068	3964	3381
6445	3666	1405	4066	4472
4569	5745	3821	654	3018
1768	1765	2169	9825	6416
5464	2682	4052	859	7349
4501	6354	7222	6567	507
1892	4054	6617	8955	8034
5434	6505	605	9673	7659
1763	9694	1217	3715	1889
7377	206	8565	4366	3632
6768	5507	9951	5253	1759
8329	6814	9940	1480	5413
5526	1536	8228	3075	5820
8466	5001	1966	4546	1593
2234	7845	1177	6320	5999
8579	3609	631	3760	4831
9723	6023	6749	8415	3965
220	8895	6912	9534	1602
3973	2217	5874	857	9987
3970	1223	1176	2398	3119
2975	2208	7594	1448	7754
560	3482	4735	8549	5476
6520	6292	5097	1539	8434
8957	6990	3900	4631	8937
1344	2754	4445	2798	5849
6549	5795	8677	604	4229
7630	1728	7753	9422	4535
567	172	3694	4867	9940
3558	1501	2792	468	7902
9885	7633	3344	8415	2852
923	1548	3458	3601	7342
2661	5678	3477	3205	7848
9390	118	7412	4516	5079
9660	1132	8940	6550	9618
550	340	7899	9188	6238
3264	5587	7269	3402	8616
1591	5486	6681	7020	6937
8523	1048	6162	5849	8482
737	3095	4782	8357	6658
8800	9385	628	7807	9352
92	6567	9743	1863	7338
6771	9083	9316	1933	7841
3864	1663	6599	4466	8090
853	511	3085	8866	7350
7915	7203	4001	7811	4003
2780	6333	7250	80	8404
5601	5291	6628	5287	8289
5254	7301	9919	4823	2522
8178	3434	7558	1861	9365
8063	5555	3607	5042	5997
7584	4690	9029	8506	7508
8149	6032	7762	4492	9539
5815	2349	7354	718	7034
628	7862	4979	1263	6779
8445	9590	7182	3904	4339
9995	1703	3542	1843	3360
7746	8824	2276	2447	9578
9661	2476	1351	3359	7334
330	6579	7262	4698	2219
2252	1178	404	8315	8021
2101	2696	9420	1586	2268
1006	4119	8221	4189	8689
2594	5785	5046	4828	8026
1746	2353	2031	6539	9998
9877	6690	276	3911	3852
5553	405	6329	9694	7633
7214	6433	2122	9720	9502
2896	3732	8419	4747	1624
5352	6284	2464	7721	1273
5369	3328	7966	8611	383
5282	3596	7950	745	6976
8215	7401	7508	6724	6159
4173	9389	8945	8869	5719
4348	7815	9145	3049	8084
1467	392	8761	6319	9584
8698	2666	1903	692	561
8085	9514	3640	198	6285
1991	2344	8598	1409	7119
1040	5173	6455	2556	6263
5137	9043	7936	1489	7626
9314	8322	2844	1687	2318
6932	8128	2211	7545	4476
7157	3101	4143	5425	2309
6592	9142	7636	1698	8323
9361	6375	6963	3713	7926
5858	9271	9340	3774	7631
4062	6880	2306	4892	9011
8253	7580	6116	1655	3884
160	4961	7806	4757	1560
7963	503	6959	2981	3868
4479	1047	1385	9472	8649
1	6323	7057	572	2323
9812	7884	7770	1691	4240
4833	2546	5930	1709	4313
5633	5886	2895	7928	5863
9099	8529	9755	9636	9372
9572	6711	5027	7499	3608
4406	5555	6346	1829	4170
4719	5219	5664	8136	3660
1294	1816	9173	6521	8099
1507	5512	4950	968	1678
4581	1087	5363	815	7842
99	5401	9921	5182	1387
8679	3492	727	8823	8699
7703	7472	5821	4335	4063
8906	8431	6742	8302	4628
2346	3290	4939	3995	8392
2138	4774	5680	5360	8721
7738	5203	4109	4377	87
6920	3215	191	6880	5164
3784	8464	5239	4871	7755
8332	7352	4427	3799	5928
2383	5018	9235	6919	3988
3795	3460	3456	2726	4400
981	389	26	4667	3757
9163	5340	298	3611	1753
102	8423	668	240	9872
6821	8560	1501	4673	7650
1609	1098	7800	6743	4709
3065	1229	3964	7845	5063
7346	8856	1532	7858	8256
8585	2720	1181	9616	5740
2454	345	4162	6664	7796
4646	9896	1274	3557	5625
7387	2426	6617	4270	689
6577	2666	4356	4816	2867
8827	895	6529	5863	643
3533	4534	5006	3079	9619
4540	364	499	5201	9318
6511	9041	2661	2718	6495
2021	8234	7755	9527	9205
5969	2205	1428	5040	3836
8269	3513	437	1873	6402
5787	8771	2419	7264	6477
8557	8789	6323	991	6370
5	5471	2139	5872	8608
4311	9866	2863	2647	2490
3720	951	9931	7796	8131
8096	4586	7134	7404	861
2280	877	6007	8332	9201
9342	6785	9410	7903	4688
5081	7181	812	9108	7206
5725	9037	4340	3031	7205
69	7326	4316	8076	8451
9198	4877	1324	3077	5920
5092	8055	4719	3784	1774
332	7895	4644	5345	7379
2049	3032	7774	8587	9860
393	9941	1715	7259	6589
8647	7519	6782	1540	6634
1393	7594	4845	9121	9908
4024	8621	2146	8005	4879
8379	7702	7590	4007	7583
3575	7500	6580	9939	7699
7544	4649	2111	7804	6902
2194	8536	3209	8334	8718
2563	3498	5652	6779	598
7277	2537	5486	3550	2521
9329	8924	9333	8132	7487
5208	6692	1524	9266	2881
3520	9621	2914	2164	4036
7712	9746	9833	7808	1664
9391	1311	5061	1404	2112
386	9936	7599	9208	9629
2838	2442	2049	1581	6301
4643	6134	5867	5105	7203
875	9233	920	312	3847
6453	3601	2720	1721	5169
8555	1583	6867	4578	3156
1984	3040	8278	3511	2685
2226	5538	8640	4513	8335
6517	7842	3669	3162	7941
9086	9649	9594	5887	2450
539	1644	2925	4649	5847
7806	8894	5249	2876	2422
7811	9012	7255	4743	7996
4965	4932	8663	4202	1893
747	8458	6886	672	9391
933	4118	3509	8438	9537
6609	5991	1509	3381	6406
5237	8519	1224	4975	3820
3380	6664	469	716	6138
6473	2044	9311	7847	3328
3282	6678	7740	4612	4359
4963	6405	3278	8370	3660
6298	1152	9031	8947	3664
8206	9285	9909	6166	9613
3482	2275	13	8587	7119
8670	7470	7571	5776	5371
526	1614	9048	7418	9452
5826	3801	6098	2459	2685
4963	6168	6610	230	75
5092	767	9887	9633	8363
4883	9855	3425	2412	1374
5575	7382	5628	4387	2734
6301	4180	3780	9963	500
264	17	9878	2764	5505
2376	5415	757	9830	7979
1524	6738	8657	9057	7016
9339	7150	2905	3343	5269
2958	2486	8863	2415	2615
1709	3694	2107	3939	4261
5046	8159	4799	8681	5220
20	6144	5827	4031	9582
9776	9118	6470	5382	6091
4836	1979	635	3268	4977
6196	2857	1800	682	8970
6709	8287	9527	3637	7791
9804	8419	4386	9800	5365
9692	8822	8519	316	3246
358	2120	2769	1175	7341
4473	1525	1485	3382	6854
6579	7599	6914	1660	7842
9482	801	7364	7863	3770
2263	469	2213	1907	78
1808	3171	8844	3324	6413
469	1592	2690	698	2410
9941	1875	4640	8843	9966
9880	4198	2899	5202	2739
3069	2011	9337	8488	2641
3854	9611	8023	2750	8800
4642	7803	1899	2698	2934
4949	2502	5341	3280	4645
5709	9355	7902	5082	4634
3713	2963	1548	6738	4414
3294	692	9061	7448	7269
2970	9400	8141	7473	8991
6056	5717	4673	4380	3775
3521	24	9627	2821	4568
6739	667	1356	5761	1487
8620	8181	7149	1286	1527
4770	7269	2786	8587	1279
2308	7518	232	3188	1632
2788	394	566	2419	7994
9111	8167	5931	6463	9921
2153	2848	8958	4074	8672
8688	3363	512	420	6463
1895	7154	5197	9763	2028
6505	1241	3436	2317	5931
9102	1188	2708	9541	3609
9779	2644	2403	6071	9436
3214	9558	6847	2628	5392
8437	8882	667	9536	5766
5498	5204	2695	9514	5371
5257	5382	6566	2354	3099
9827	3829	7813	4606	2007
8639	9670	9661	7600	1406
1468	111	4567	8972	6783
1560	9761	8878	9399	788
9445	9623	7831	957	294
1410	4503	8407	6990	826
1990	5009	994	1055	802
4158	3773	9640	3377	297
2561	8202	8019	8823	5947
4917	8838	9069	2457	9894
1386	364	4776	9184	3254
2393	6050	4326	2533	5454
4771	3822	7675	5660	5019
3793	8475	3197	889	8656
7937	6396	3971	883	9177
7638	1244	8724	3628	2760
2849	9647	682	1119	8115
1812	669	5552	4270	410
2039	1188	9921	9609	1267
5535	2803	9485	7961	6366
8980	8595	5614	2033	7407
3260	9251	1695	2636	8973
6262	1591	7102	4869	8042
3944	368	7013	231	3433
8470	8369	699	3677	1067
139	2605	4196	1890	5663
7018	9022	337	3319	9106
2789	7620	7477	8021	5255
3947	8403	2335	44	7599
2690	9918	7390	9364	5047
7470	7029	4059	6824	6482
6612	8567	7474	4931	2325
3225	2088	1552	630	8809
6438	5015	9228	1721	1162
8781	9587	3166	7568	1590
2280	6691	8778	4581	4420
395	25	6730	2840	6460
909	2281	2513	1475	3864
9077	4722	7744	6520	9452
2397	7320	2426	5568	4640
9877	5061	477	6124	2519
8618	854	1414	5910	7070
3359	6517	8559	1532	9094
4707	5851	2628	7865	9458
3088	871	709	6783	819
8524	1792	5411	1856	1067
1786	4992	3893	8816	8473
1504	9918	2296	5307	1220
6637	9929	7285	4073	6698
1476	2786	8931	1305	2854
4016	9480	2606	4677	6418
2919	797	3038	4639	7666
245	7076	6725	4	1823
4682	2795	1140	8609	4499
7883	5947	7104	6623	4960
3696	8763	9445	491	5580
726	4899	8774	2367	200
3109	7033	1423	9288	930
2188	6251	2641	9075	7199
4738	8531	4679	4576	788
9423	7965	1007	9382	7903
867	8888	1386	380	2178
9755	3786	3973	2937	9867
8763	7442	721	4570	2732
6340	9304	7251	9303	7512
2651	3222	1294	1267	2748
1530	3470	3947	4201	7578
6225	3720	5176	1901	2028
68	9210	4546	4378	380
5123	2220	9003	4093	4344
4574	8759	6933	9929	5732
9235	8841	4925	6675	6777
4897	9601	8890	3342	5836
8244	1330	9750	3102	3062
1312	985	8488	274	8978
7954	5164	252	8893	4873
313	5429	828	1376	3010
4831	63	7357	7443	3356
6641	7804	9098	837	8812
3386	203	8722	6682	9097
6453	7122	1823	2687	2600
4588	6300	498	8925	1016
9321	8107	5300	6968	4558
3186	4967	6856	3753	2593
3124	5189	8091	4303	9613
4118	5448	6645	1395	7984
5870	7506	6940	4579	6790
5301	2582	285	8986	5975
8442	2361	9559	2818	2454
1308	353	9195	8397	5445
6728	9755	8971	2727	1733
4741	7265	200	1402	6239
6102	2575	1095	1818	3377
8813	5137	2487	8274	9634
3200	4428	9397	8578	4578
2504	4991	4787	4703	4061
1270	3794	5434	1728	3971
4127	7545	5855	809	1739
8757	4395	9249	554	4768
503	7822	9128	8748	3545
7153	5602	5061	2232	7718
8716	5751	3825	4481	9848
25	8850	4712	2870	4636
5695	5183	4023	5665	7373
8648	8631	3766	5194	9861
9651	3591	9635	7193	8195
5460	7105	7959	4134	5643
8649	4894	3227	2643	436
8450	2058	9223	8201	6652
6554	1964	3559	4383	9568
249	9530	3322	6583	9047
510	7826	175	3933	425
9455	7674	8377	940	579
914	5741	261	6740	1134
6531	9242	3471	2776	2191
8722	506	3125	764	1288
3592	4771	4283	6041	5917
9837	5797	7958	6501	2286
2154	333	8255	6660	6030
624	3531	5845	8291	4899
1363	3436	102	8357	2750
7765	6298	7433	8479	1018
2650	615	5841	3629	2861
596	5899	653	8168	4603
4602	9718	6241	2783	7890
7848	2242	492	6040	4221
5397	5495	2845	3909	4644
163	2453	3461	2295	3044
7981	7953	2816	9805	1256
4840	1177	740	6237	4637
5777	9045	3626	413	8321
614	3754	2770	2215	1089
829	1372	9185	5886	6721
6266	564	6511	4005	585
1177	9333	998	6668	3620
6937	8957	4863	6059	5219
5293	5705	264	6601	269
6285	808	9129	2890	3960
4113	6513	3212	2127	8001
644	2480	5789	7010	6591
7475	2464	5539	6689	8049
2844	5619	6957	5845	6737
4132	3820	5829	9209	8386
8011	146	7423	4511	1858
4118	9693	3900	3514	2078
2930	6537	235	1527	4043
696	7528	7439	527	4311
7529	7047	6308	2175	1216
3382	208	5473	9827	171
7849	9513	5261	8276	2915
8516	7267	3009	879	5365
5383	505	6107	5001	1985
81	1003	6762	7038	55
6825	7877	8458	1410	4888
468	9102	4131	5116	5833
9727	5903	2417	3296	3659
8034	3679	8592	3575	3157
1034	2466	4619	1682	3686
3400	25	9977	3671	6733
800	1631	1453	1093	2359
9061	7990	3984	7915	3617
4870	582	1353	9510	1773
5710	8843	5464	8842	8704
4195	153	947	2654	5003
1260	2795	431	8004	8904
2570	1932	9419	1369	6224
4938	1956	2470	8335	1945
3486	7738	5996	2565	3965
6864	9476	4789	5818	3545
8016	2195	8572	9608	2689
6894	371	6881	5273	3431
2298	4315	26	9416	1579
5871	8086	2658	7901	4491
8564	4621	5773	7872	5669
1187	9898	9675	212	3354
6660	227	611	7801	7796
896	3237	1887	1228	6451
3148	5106	4667	943	8068
2188	1916	4741	4635	5008
6550	2949	3465	3683	5790
5922	2204	4807	7402	2675
3413	2161	113	7921	8522
873	191	3381	9756	5686
2595	2219	5548	9440	9858
9942	3117	1408	2668	2352
444	8463	2577	4141	3920
560	1307	6640	1958	4124
620	4742	3731	8434	2968
4131	5445	1947	729	4220
8490	3012	8959	6820	90
6512	8729	5936	5889	7225
8840	2657	7012	6611	6486
9420	6649	5044	1762	9187
5539	6715	220	2206	1295
3836	4214	728	8362	4486
9458	3369	3936	6732	5667
5183	6341	5689	5960	4245
5911	5908	4725	9491	3142
3098	9479	6897	1090	8041
7893	75	4412	6157	3003
8735	5009	5147	9259	8567
6270	7741	4353	6804	7794
6860	4253	8913	5283	3661
7768	7606	8767	4416	3887
4764	2671	3288	6260	7984
4825	234	9055	3193	2923
7963	3252	8357	5810	7107
6176	5226	8123	5893	521
2812	2692	5358	3001	1757
9491	2316	8986	4139	3726
8908	8676	7024	271	5564
7838	9863	5048	678	7783
8083	6279	2502	7813	7434
5041	3898	6775	2768	7048
1650	6639	8387	3016	4377
8231	4785	6480	5722	6251
543	5087	9958	8972	1348
759	5311	2115	7025	8581
2544	4692	9073	215	7522
8105	2165	9302	6401	2554
3923	8670	4655	3453	1953
4791	3977	1917	4867	8837
3666	3082	5298	1776	2268
1227	2380	7135	9228	4289
5792	9124	6113	7692	2493
7286	4407	1874	6	1479
3155	7512	7081	5767	2156
7437	1694	3542	6307	4096
1638	2344	1909	7982	772
4494	7864	998	667	9056
6156	4087	1058	9719	9711
1687	6897	3985	9965	3173
8201	4837	8180	8450	2908
8995	7831	6334	8440	3060
6373	3813	142	5814	8242
5226	6156	6536	8874	9728
7165	4224	3469	9686	1938
8232	1504	3366	5502	7380
8894	5625	7203	671	5827
2868	230	7300	6606	674
4669	7137	7167	9615	9335
3219	575	6616	2230	54
6908	4292	7069	2092	4857
7726	4208	7298	6654	8572
1907	1335	1463	9801	4294
3133	7050	69	4475	2231
6366	2203	147	9799	4907
9037	3848	8876	6144	2422
9712	7322	139	6987	1848
6479	6069	2602	1954	7618
576	8169	4399	7413	9935
6529	3436	8047	9099	2978
4331	991	3331	5214	8534
8229	1406	755	4589	2888
8399	9933	5288	5937	4800
4811	853	9573	284	1729
8117	4406	5971	5450	1024
3123	1654	3963	7878	6538
2621	4968	7573	7973	4339
7739	7172	2070	9973	9643
2953	3012	8376	7992	36
1218	4119	6712	2817	4769
4001	404	522	3725	2361
1224	491	647	4311	9630
3339	8238	7498	1885	3424
5462	730	6488	5979	7193
1821	1556	8850	2000	4201
7392	415	8116	4550	8973
9564	2792	1211	1014	5538
863	6628	5437	8208	9907
6088	3045	3119	4615	7459
2031	1690	813	5913	1320
9030	8280	6096	9459	6189
978	4950	2508	6035	332
9999	6545	9861	5702	2132
9417	4666	8264	5985	6441
1974	7356	7559	56	9418
8904	6513	3311	4418	3111
4466	5891	2544	5124	2044
5742	4469	8845	1969	9192
9689	4388	9369	1899	3280
1285	9531	4488	5979	1100
9814	1880	9876	9926	6142
7370	3770	9023	3026	5420
9578	7563	849	2579	1751
4147	596	2745	6432	5326
832	8246	2051	1852	9282
6411	7608	360	3259	5257
9110	4294	390	9581	7933
5102	190	6726	4092	3637
6999	4127	9256	5669	2344
1298	8479	3658	6226	1524
5470	8095	6389	2600	7476
1680	1985	7741	2250	3722
3095	4403	5401	9569	995
3786	7914	1428	1762	2996
8416	2165	226	50	7394
9750	8193	4735	1209	9887
4890	3652	4795	5998	7183
1787	7867	5663	2358	1926
3449	4944	6777	3596	481
3990	6172	1438	6176	2749
3196	5038	396	6741	4425
7445	9528	9855	5269	3981
3592	6821	4078	8904	8045
5517	9448	3743	650	5791
5900	4267	4901	8328	4028
9197	2796	4687	9235	9008
8947	4615	6901	9458	2580
9068	5861	7824	6573	5939
72	7010	8647	5098	588
2027	292	3342	4636	8218
1638	7454	9758	6909	4750
9391	8863	4252	5060	3594
8319	6137	4252	9223	7912
5074	2596	7761	7438	961
6179	3087	6262	2863	2745
7824	6491	3834	243	8716
3473	6314	3661	8113	1254
9671	9049	2609	2201	7512
5603	9560	2077	6563	9743
9901	3591	4482	7408	875
6775	4155	8870	8249	1282
130	3031	3644	308	1802
9751	9015	8832	2949	5780
4516	8904	2457	3333	7710
6561	307	641	3825	8620
348	2675	9452	7861	6705
6640	8427	1677	7329	1742
4536	8759	9875	5830	8977
2609	761	8604	5433	2419
18	8361	6574	768	4763
9069	646	7332	9450	6406
5952	1938	8436	4217	6295
1265	330	5691	6335	6765
2404	5249	8925	4219	4006
5336	669	8357	5100	6204
1542	6224	8156	549	4023
7140	2361	9894	6159	2826
4797	6107	7578	5905	3277
9985	6535	742	5832	1361
5407	9553	1154	8299	2740
9194	4249	3080	3636	6873
6624	8614	1420	8839	9313
9288	321	7730	1312	4448
6959	7572	6174	3129	7977
2365	2144	4872	3232	4278
331	5799	4505	8555	9420
2859	9692	839	1376	1470
1241	389	6683	7711	9611
7945	8279	7103	325	8529
2233	6222	5522	4881	1656
5515	8923	3731	2928	2545
200	1860	2666	6895	4358
6677	9388	3699	8843	4116
7703	9121	5563	4225	4431
770	547	685	2566	2653
2170	5224	8812	6339	4229
693	4308	536	5672	9623
2669	9670	1803	1631	1323
4534	7405	1434	6034	9948
5362	7689	1087	4836	8371
3600	8323	5678	7013	6648
9245	5446	9463	9778	2329
1091	5801	6648	184	3429
7243	4681	7747	3138	7231
1511	6229	2402	7535	416
6889	90	2245	8489	1494
1552	557	662	88	5349
1027	7060	809	688	8845
5208	8441	9253	1149	181
1581	2098	3271	8955	9427
6254	6463	9605	4970	4137
4615	9231	8747	3154	5851
3205	8092	7176	1405	4085
7163	9582	2136	1163	3151
3209	834	5229	7030	440
6434	9866	4997	4075	5388
9537	2906	1703	61	3351
1384	5803	4249	9520	2174
5270	5782	1765	5483	3139
7075	624	4088	2642	1863
6250	9381	4450	1607	5805
7260	6135	7952	3615	3854
3214	7239	5633	2019	2807
153	8042	8939	9590	5761
1021	3133	799	302	1585
6249	4938	3757	9144	5487
4541	9859	7471	2731	6280
6331	9534	335	9781	959
5634	7119	1902	925	2804
3874	9486	483	4115	4128
3824	876	3047	9866	7481
6200	9112	2164	7494	9057
9410	4335	2960	3163	1306
9670	1932	2517	6425	9445
3148	5898	662	9143	541
7255	7126	894	5009	2469
1808	1645	5152	2542	9322
3495	7796	6493	7441	6004
3774	7913	4109	9202	4520
1745	5116	6732	5846	1715
3854	8656	9866	2777	3237
5790	8830	8922	9010	1910
7493	7042	9170	1997	8743
7652	80	4800	3751	1717
5619	9790	4708	3257	1861
9102	3004	2481	9590	6862
9268	1426	645	3390	725
8321	2005	2372	4515	4249
4507	9595	7586	4811	5654
9673	3408	1873	8590	675
4457	7368	6774	2781	6604
6626	9113	2366	3286	2874
9536	2643	6315	9823	3241
361	8926	5514	9866	23
8448	2699	806	3565	5637
5498	4841	2480	9573	1584
248	4533	8637	6616	3353
4097	8353	5647	5935	5036
4291	5210	438	4256	2040
1091	449	9667	9492	324
447	9714	7101	7908	2487
3612	6790	8691	9529	2275
853	1888	3874	6775	6652
8555	2593	5044	2421	2159
9043	322	2341	7128	8011
5364	8273	7767	3057	9993
8279	307	4203	4987	3563
4948	1915	1636	1178	5573
8125	3612	1971	4251	6816
225	8285	2139	134	269
4936	321	3165	3394	461
7257	927	1556	5832	9287
6592	1471	1246	5878	2834
6684	9190	1629	9946	3895
6247	8279	8466	2194	2768
2671	7756	6810	5897	2442
4544	9954	4796	6270	563
8451	4378	4826	2986	7818
5653	5030	2483	2150	2703
1948	527	9004	2528	4254
3760	8931	667	9945	9614
9451	8771	5318	7148	770
5169	3953	1177	7847	4823
3632	8521	1723	6213	2402
3200	2817	8831	5778	2285
1259	9294	8070	522	2041
5074	1090	5424	8508	1643
2982	9664	6953	4680	2845
7373	3111	7480	5681	1590
2297	6500	9959	2761	4807
4104	9673	7514	3472	2084
4667	2082	6239	798	5068
6106	7169	7262	1508	7518
3618	2080	2668	3672	2919
2866	275	3668	2419	1116
2308	1552	7666	6305	1383
2005	7036	3147	7972	8389
2210	8969	2076	7380	5582
3180	6426	7877	807	154
4906	4026	8116	7357	5279
4728	8471	2206	6015	733
3313	9858	5651	3612	1052
5456	552	3786	3084	8280
5808	764	4382	6332	922
4437	7774	5302	594	5945
9715	678	4841	1245	5244
3457	7648	3274	3440	5523
8813	3843	8371	3085	6165
3123	2698	508	7687	2155
2972	7455	5184	5956	8799
261	7362	2809	1428	6012
1893	4771	7892	3017	6099
1505	8326	5446	5169	6541
9524	1987	4146	4112	2465
5062	216	1548	8067	1163
7685	7610	8807	7079	1665
5463	7010	398	9165	6393
6472	1078	2070	3113	1211
4584	3304	1084	4240	7010
3907	4693	6229	8807	8344
6967	8685	9677	9294	6828
3953	3414	4696	6243	8529
3662	3052	5964	5595	6396
9463	5563	7391	4765	1166
8397	6251	8107	6621	1679
2661	4745	7244	5691	4666
2858	2749	2798	5996	5082
8738	9358	8082	673	8841
3135	4811	7767	2898	293
9697	410	1191	7674	4071
1787	7722	2812	2160	4101
6976	6402	5487	7382	982
1275	9111	6456	7633	770
4806	700	4206	4864	7231
5600	2783	2686	8542	343
3959	1223	8532	7053	8028
5303	7713	8022	7198	3133
766	5000	3188	4376	6847
891	3113	6092	5980	2656
9146	8455	4248	7030	9414
679	3557	6337	2208	9860
9908	7628	8592	2110	618
3766	2334	5919	2599	4065
1320	5091	5036	204	2884
7756	797	9577	5547	5447
1214	1242	6436	9038	8311
7443	6652	5614	4995	7840
9992	4862	3460	7239	9981
8498	3586	130	2147	5067
2736	6439	732	9547	3138
3145	5622	6119	9863	1652
8852	4663	7983	9618	253
2076	7449	8550	8157	6679
6858	6830	4807	9296	3569
6934	8297	908	3452	5076
9406	2435	3089	456	2645
2747	6700	8875	848	5929
30	2834	4024	4577	8318
7635	8448	4945	2542	9027
1311	7171	3537	7808	2001
9650	7439	6732	4022	9338
6379	6721	8688	9100	5294
5726	8999	4692	6900	1732
3010	824	6543	7734	5142
3151	2900	3628	8096	6762
5233	8872	5900	2019	9748
7249	3576	7953	5717	3699
8757	1371	5491	6210	6944
8043	6375	7097	7585	8824
5321	6892	3512	5475	1367
5973	3305	3497	9870	3120
7237	6797	5964	6983	7974
5223	2571	9312	5388	727
7348	5620	7266	5387	7694
1658	8868	5191	64	6289
1054	7983	9580	4841	2430
5296	3764	1458	8503	2174
6941	7432	3058	7563	5918
5247	2108	4765	6589	228
1806	7756	9470	6143	2545
1681	5916	5969	4365	4999
2421	4000	2853	6233	6658
4358	4730	5979	3836	4173
3941	572	6642	1830	2618
5006	1323	2534	4016	9753
5676	1420	4564	6869	7792
4459	3253	8211	3098	4378
3677	8498	5436	8888	1523
352	4766	4489	2306	1906
6350	5246	413	1416	4234
5692	1659	2199	8991	6974
4205	8600	8462	5062	6468
437	4068	9387	6572	8906
4745	4459	7090	387	5113
7299	3375	4724	7498	1526
359	6818	7293	3224	2183
4122	1818	9561	5578	6697
3325	5469	7292	6040	4619
6287	1152	7581	4239	8589
6975	5407	5848	419	2768
5333	8763	9479	3391	1507
7725	975	926	1326	5052
5623	6102	7674	6251	7506
5161	6615	1800	7207	1122
6415	3826	9476	1124	1892
2794	7483	7238	6425	7173
2543	8142	7679	2884	4134
4243	6586	7353	7548	804
5486	8957	5192	6595	8959
9692	2051	5149	8989	7623
53	3488	9129	2090	4533
3496	9418	8926	5065	8475
3362	6539	2264	571	9620
9975	2934	9955	64	9319
7468	6787	2116	6749	9030
9609	1623	1681	1155	5434
5709	2853	4486	1450	6826
3445	945	7605	6424	4879
7058	2306	4674	7524	7820
5041	4757	4535	4644	7480
6090	9916	7598	330	8369
4975	1500	8340	8232	5027
55	3916	5751	6593	5315
4732	186	8294	8992	8732
9342	7833	6203	4626	7591
8547	6574	4544	7563	8343
2515	8199	9583	3787	1680
5855	202	1243	4952	1824
1685	4649	5772	13	8722
3569	4543	8796	1663	131
3085	6292	6535	9299	5059
1745	7751	6025	2694	1352
6486	9442	294	735	6663
5491	8786	2150	486	3191
8999	7942	6036	2645	5613
9630	66	8743	4299	7957
3925	3980	7318	8812	2150
7122	5231	3950	8173	4904
6435	509	6473	8324	9102
8161	5117	7136	8299	3558
9443	7978	152	9439	5614
7216	5891	1861	8908	1738
6257	1671	2227	8887	3156
5193	5652	8064	2169	7020
1179	3472	8856	9266	2461
9300	7347	4080	7719	6281
8134	8416	5760	5383	9720
4108	6284	2068	2145	8570
7783	7962	195	2350	5303
140	5280	7459	6170	8384
4959	3548	4576	1920	4988
2634	134	9082	1053	2725
403	5406	7670	2973	9312
9144	988	9941	2701	3223
1129	2622	3112	1772	8057
4600	7692	3151	8979	2851
7407	9765	722	2180	8324
9503	2463	5958	3824	6963
1629	4544	7797	6401	7733
6378	4499	1488	4103	4832
5095	4100	8776	2769	5127
4601	6003	2770	1325	6576
7603	9600	1049	2776	8345
8252	6854	5299	2459	1281
9417	5018	3407	3374	3382
8599	5955	9914	6817	4379
1305	4055	1836	5404	9758
1860	1435	6839	7493	4842
8825	9544	7508	9869	420
8598	1858	4295	3903	9811
4934	6187	6063	1882	547
4734	3128	4856	7801	8476
3852	3702	2195	5520	5544
5576	3079	405	5976	7151
9936	6174	7045	1986	6822
8051	4590	5008	9605	6533
5889	890	1371	5727	3519
5128	1115	1228	8449	5600
7862	6454	8797	324	589
519	381	7577	6298	6594
7940	2400	3679	6395	731
6011	1394	4313	4755	1667
1530	4947	5229	7153	4914
5104	4860	2948	2361	7151
6927	4626	6328	1337	9578
8708	6847	2346	7949	6224
6547	4582	6786	7396	6723
3687	1082	7985	4622	4543
6270	8208	2157	7728	8745
9494	199	1865	8103	665
6464	6421	9577	417	6095
9584	3760	2897	9204	9539
935	8033	5423	5409	6255
2171	5100	7598	2218	2476
276	3604	1414	4106	9729
8303	3120	925	4735	8939
6919	4647	8414	7394	2336
5570	3568	8458	1340	7518
6290	4323	8682	9026	7183
2117	6834	7696	2769	6296
5559	7933	3444	6842	3223
828	461	4283	7843	9437
7419	8573	2079	9690	4804
7844	6332	3129	9104	3093
447	2860	8722	678	3874
6313	3247	4574	8202	8643
323	7606	552	4384	3565
2755	2663	8692	753	3973
9525	7461	1373	4666	1453
8283	7561	104	1027	5861
3956	1391	3949	750	5640
8369	4567	9778	7661	7861
3327	9032	333	2112	1247
6991	3716	7227	9532	6937
7371	6664	3122	8355	9932
4603	8759	8081	2169	5354
684	9589	9900	2194	6121
6359	8641	5760	8482	519
9200	2501	5930	922	7061
6271	2758	6806	7257	2247
6197	411	7931	7878	2696
1133	1590	763	8014	4232
3171	2100	466	9960	2354
6007	653	1839	9875	1705
3006	5769	7138	4866	1854
2052	795	196	7851	6969
1542	8243	5031	2459	7559
3910	3615	7625	9577	3587
5304	6071	2437	660	3608
8813	5556	5630	641	6101
1993	1578	3615	2739	427
5988	9083	7908	7781	3494
1485	6404	9198	7532	3179
5108	1463	1384	6542	2208
6372	2185	2264	9282	3391
7293	8975	4312	6284	4463
7644	1879	5124	4793	4847
204	9053	8281	7231	9610
2058	6046	1272	8011	559
4424	3374	7591	8417	7757
9335	9481	7347	5412	9375
8841	2908	7433	4869	3581
3314	155	5970	9058	2587
7114	6411	6390	1698	6937
2575	1518	6030	1525	3920
2075	25	5168	8639	6169
2957	7530	7803	867	3382
708	4567	4510	369	8971
1224	7073	3336	1374	950
7138	7292	9673	4272	6752
9729	8360	8261	6998	7911
2396	3628	1676	6361	5990
8713	5559	7217	3540	1033
8497	2130	2103	5089	1214
9062	9137	9175	5156	2681
5006	8297	3008	5736	3197
5616	8777	6533	1474	3137
9176	5969	1893	8062	725
6525	4096	4605	3479	8375
7602	5429	3666	7506	7729
9183	6486	9397	4520	8834
8033	478	5754	3921	9439
9164	6215	9026	5197	2022
6771	5527	9964	5569	9496
3642	4677	6104	1876	7309
7129	9209	6433	719	9184
4985	7164	2154	5540	2816
6288	3984	1993	6386	8143
1447	6293	2060	232	9025
3563	8533	3954	3612	5048
4820	3693	1982	4975	3235
9092	8326	7503	1668	5450
5087	44	1025	4724	133
5807	6632	7908	2804	3250
8809	4089	3753	7913	9000
6592	1979	5163	970	3260
1491	1628	4494	7999	5082
3576	9405	3886	2066	3117
6194	263	8010	4418	7415
7211	5693	1591	7811	2119
474	6226	6161	4744	7450
6161	8394	8784	8638	1163
9215	7601	3524	9670	9558
7294	4713	4650	5294	9086
1784	5926	1985	8568	2641
7743	4880	323	1096	7618
2096	6189	4790	9431	6391
8780	9992	7384	2809	7796
5323	2216	8185	2946	9998
7996	2731	1739	6476	3851
1724	4736	2467	3632	231
9514	806	1643	1401	9941
9755	8571	5953	3171	2844
2110	1079	5103	7847	5294
2844	9725	3530	9623	4671
7955	4425	1351	8771	8789
8083	3420	983	8591	1351
662	9275	3693	8937	1898
3141	3733	6816	4554	6441
1165	8420	5350	851	1251
3468	9039	5072	8739	2582
9731	9277	6622	1909	9733
9918	1347	7848	7649	8504
8186	3863	3165	636	9755
840	2738	3313	1856	2880
286	9176	7962	2760	3719
6328	7032	4504	6788	9709
7100	2102	7991	4874	2562
8811	2426	2626	3622	9662
6791	1733	209	4167	6096
9428	6554	8637	741	8439
52	2479	8553	2339	8680
6070	8028	6778	113	6067
3282	544	9230	5471	211
222	1491	6054	9963	8908
2270	6673	1324	6957	7476
3401	6780	4076	877	8999
7744	286	1771	7517	6390
4850	6183	7023	1679	3297
6674	3307	2234	2690	1228
320	1741	8023	7447	3168
5155	2548	5944	1448	9349
1291	5408	6728	9183	1940
204	3219	3949	331	1548
2858	899	6861	5689	6322
1396	1092	8831	583	3079
1805	4855	9525	2473	6865
3430	4644	8654	3036	939
9933	926	8122	4052	6079
3807	2829	4417	9142	9350
6605	6775	9099	521	4361
2195	3298	5376	1956	7792
9973	5213	647	3564	7527
4630	7290	6342	8521	1253
3303	8959	7397	3457	8514
1210	1738	9749	2512	7732
1073	2976	5736	8802	61
9772	3341	2047	4373	1198
9196	1364	1713	4120	7494
2936	2970	8420	1961	8651
1487	1709	8696	8329	9404
3639	8513	6707	5060	9116
9294	6614	2288	2116	7349
3113	5286	1008	8210	497
3265	2549	648	640	3185
3112	1576	1599	3062	1904
3212	4124	4596	9461	7304
6521	6934	2375	5692	9552
335	7206	1374	3596	9589
2471	1189	1879	9912	1493
3787	9295	1442	8323	9549
8572	3888	9636	5730	138
3910	1462	5985	501	1048
3683	2065	8663	3904	8122
2139	8565	9838	8577	1726
1461	2297	6557	1211	8077
8659	272	6550	1181	5502
3764	7858	8666	5837	7547
5624	8944	808	3129	3759
4813	8929	7081	7230	712
7365	8049	8681	126	6388
1857	6726	9527	6651	9228
1877	1493	4666	3976	104
221	9623	4932	8461	9462
2464	2600	4063	9903	3656
5324	1227	4235	8388	5357
771	5304	5306	5979	1971
7989	4095	6016	689	4524
210	5704	476	1425	6181
1213	3456	3132	3831	2803
2843	9016	6779	2457	2440
2429	9243	128	9033	3840
4086	161	3637	6634	6473
7279	294	8729	6125	4335
8777	6054	3729	6938	4505
6215	9291	3137	4175	1263
8324	7108	256	4275	5112
4160	2303	4479	4978	8182
2919	4034	9842	3190	8982
7406	4577	482	9271	69
6467	7725	331	8975	7574
8144	767	5750	8870	6342
4796	1272	4429	1428	1703
5441	4892	1630	2057	6756
1669	2569	6697	4754	1923
1568	278	7386	8616	1487
9801	8545	200	7704	9502
663	9252	8936	386	7433
7657	9140	7274	5536	9534
2309	9471	4472	9452	4590
9455	4570	9059	7214	3698
9404	3714	167	1788	3238
4883	3961	4419	6669	1801
6180	2366	9694	3594	2134
5875	870	1342	6651	1799
2352	6558	2716	5158	6915
563	1540	2552	9240	2693
5637	7041	5397	2208	1440
3450	3532	4986	7882	2036
9878	2516	1890	3466	4082
8261	4866	8470	6228	1389
3521	6573	6421	8243	6561
4821	2678	9727	281	1525
3520	386	6052	1784	1593
570	4389	696	5375	7330
629	158	2195	4423	7874
134	7042	4559	6345	3304
4539	9129	6055	9780	9365
5600	3166	6650	6083	6294
9281	6027	9588	7159	3407
2290	9655	6190	8716	3319
7289	724	6649	6310	2122
463	2113	7093	7811	1106
7603	2874	7009	6680	4810
5327	4748	422	3000	481
2230	2019	5449	1252	577
3557	6600	4881	9162	6428
3762	3234	7333	3585	4190
7464	3352	2652	8632	6161
6409	7917	920	2922	4304
5458	5516	5801	6884	3717
9201	68	8914	6587	6074
8444	3307	3753	4511	5231
9993	3114	4040	1014	3824
3138	7963	8813	846	711
269	195	3339	8383	2625
8905	5202	8716	3542	6576
8143	3292	790	6313	2545
9782	6300	3708	4964	4520
271	458	3672	345	9632
5103	8544	1812	7364	2644
1942	7535	40	7214	4213
2597	2255	31	3674	2156
5240	6254	5192	2468	3991
3571	4772	8747	3136	211
7341	1278	7694	3927	9607
5012	5153	5371	7926	3142
3523	9168	3898	6682	9070
8435	1098	3782	7061	8530
3313	7950	7880	5462	7421
8854	331	7758	7049	2325
4492	2988	362	8388	8019
1463	2396	8416	3700	9737
6672	6783	5581	4152	3909
1587	6490	4542	4008	8143
5653	1654	9405	8380	2170
8457	5247	7440	1333	6340
4653	1505	6755	4306	4884
5767	2205	8661	1665	9348
3036	2674	3485	524	9981
3829	9948	4383	2269	1109
7567	2018	2453	5775	3182
2813	8946	9533	6126	9027
2	7464	3031	7716	1905
9600	3973	5918	8812	8844
232	3258	9357	4938	4796
6353	5339	4561	5545	5938
2316	793	7888	374	4577
7006	8503	5094	4330	892
7694	5365	225	1777	4703
4565	1018	3650	9386	8510
2315	9803	2329	2586	9768
9188	9442	8888	7236	6665
5372	1201	7340	5342	4220
2846	3811	8942	847	8532
5515	3851	6123	6659	6344
4089	5506	544	1342	8111
2329	3952	5971	4691	2518
7933	5579	8368	4522	3456
2110	357	1500	1219	5227
5694	102	1303	9634	3597
9834	6100	2314	934	8318
1258	7293	1360	3509	6131
8784	2122	9803	1143	9761
3456	4897	6233	5292	7519
6291	6588	7573	5888	9297
5088	5507	1300	7544	7571
7609	2699	6205	1836	5473
2603	7157	9473	4762	3763
522	512	2875	679	5178
8215	5141	9568	7718	4739
9567	1278	1784	6262	1850
4459	4668	5656	738	8600
7183	7962	4002	1543	1136
2408	5050	1908	6628	895
422	4700	2275	4788	2942
2171	2214	7944	1094	4820
47	860	1350	9577	2297
5909	8435	1479	4391	6582
1394	1505	851	7655	5600
3510	7863	6333	8421	1210
1051	876	301	6457	9347
5846	9062	2297	9397	9075
2318	1839	1344	9714	2880
4452	8774	5037	8287	7698
6467	2934	2420	1882	2656
5186	9599	7041	3247	2000
6020	264	7747	4027	2924
48	8241	7395	1288	1950
1817	3250	8524	4497	697
2161	3163	2653	7523	5429
4438	3351	3240	7109	8198
2986	1541	5361	5107	2645
7476	779	2142	6879	7118
82	2810	9749	5511	315
5628	6868	7220	9905	5574
9824	4695	4245	8868	2762
7542	2090	825	461	4778
7682	4322	2909	9055	6895
9007	2204	1847	5719	6519
9904	2648	6314	4445	8432
329	6640	5086	7324	6733
299	7240	7543	503	5210
8416	1244	183	4997	7519
7020	4479	9922	1798	8988
8750	232	9248	1471	2986
4741	1464	9714	9882	8784
4157	1597	300	488	4413
4822	6443	5736	5823	5936
3093	322	9222	2008	6819
801	8287	2294	8583	3986
3212	4870	2354	3513	1284
8677	8336	646	5062	9934
6738	4396	4999	9019	8958
3398	5778	3408	7823	8004
7129	279	3327	5703	9697
1123	5830	3063	534	2312
6157	1474	649	7040	6575
2447	9097	4663	8290	2576
7853	8368	9207	2808	5792
1835	206	1335	9734	3717
3415	6193	1908	5924	6502
6023	6936	3956	6502	3903
3016	5603	9251	6501	3560
6004	2668	2701	6409	8339
4928	325	8024	2152	8469
4784	2220	4731	2634	4889
6675	9444	2421	1363	9899
1246	2020	3184	2595	9371
5783	4679	8318	8367	4719
1650	3711	2676	1806	7004
4829	9153	9896	650	4448
3459	2092	5534	350	9314
8402	1014	6149	8753	7864
2097	7961	7438	3461	7720
2345	5040	9262	1529	8581
9047	5826	2462	7769	537
5202	9889	7397	5647	2774
2246	5686	6597	6335	5212
711	440	3471	7187	5760
8541	442	4812	6020	1306
3829	6312	7412	8387	2362
107	1049	1017	4514	9877
4626	7659	691	4469	8228
6235	7480	9988	8055	9302
5209	95	6478	9667	320
113	8482	5759	4261	8892
1666	3060	3600	224	3109
9374	6589	8467	1821	8639
1034	671	2477	5254	9508
3898	7132	8438	5489	9489
9034	4917	7921	9013	5733
2546	1578	7293	404	3729
479	3300	7706	9288	6652
8128	1106	6762	1128	3192
3438	5438	6739	9730	126
5021	6984	6079	2481	2357
2192	1077	5918	7999	2209
9588	5601	2879	3286	3487
4481	7274	3207	964	6872
3138	9420	8924	3502	6082
8427	2950	2795	9063	2443
3655	5723	2764	4233	2155
7434	1483	9795	5655	1463
3509	1272	2693	7235	7900
9834	5581	8690	9057	6677
2341	7745	6287	2432	4449
9517	1245	7980	6647	7026
9061	9615	3445	1384	1017
1668	2657	9660	9777	5865
720	1122	1390	4845	6250
9524	8333	2482	7529	3748
5501	8116	5688	1851	5444
8719	837	1267	9947	1387
6909	5480	9050	1306	1054
3112	1646	5982	1980	8999
1736	5993	7785	5007	4915
9151	2842	6084	53	1383
829	2201	2533	7946	1838
4932	2360	8756	8015	6931
5955	2647	3599	4693	4420
9273	5582	1297	6553	6846
482	8418	1190	6727	8686
9075	1132	5131	4715	6811
3312	3807	849	8242	9525
9100	47	8458	6241	6396
6074	1916	1637	1837	6067
1507	9503	6516	3129	8599
7716	2723	1045	5764	9567
42	1740	4302	9921	5755
6353	8684	1460	9692	835
1178	383	1061	4201	9790
1667	5269	263	6720	7982
8749	7659	1021	3000	2599
7425	2659	8375	3744	6050
270	3161	5296	3061	1864
6876	5372	303	2480	3597
4717	9635	8210	6729	6344
4412	3022	7274	6791	5315
9941	7618	1570	3878	5067
5534	8453	491	1592	5203
2854	1247	9521	5300	2255
3490	1139	4829	4997	2361
4218	7881	97	5955	2783
3393	8654	2124	5236	8509
2887	2195	2478	5596	1443
6063	6760	4484	455	4851
325	1907	870	7528	5878
4625	1953	4037	8822	1337
6497	5337	3226	6946	4181
8063	8836	5342	6632	7488
1008	1161	6273	7760	7227
6590	685	6095	7376	6057
3736	5808	2922	502	4893
8908	8364	5271	587	7573
6505	1441	5298	684	7342
826	7534	8915	710	7399
7067	4234	9743	9519	9152
9834	4328	1070	77	693
7093	1787	3230	3894	5448
1192	9902	9186	6891	6939
4199	8136	2886	8376	4873
4861	2155	9337	6471	3490
4855	5865	4738	6500	9106
7481	7430	1270	3739	4877
2525	611	1817	6739	1084
2827	2695	1563	6313	2176
7073	1619	3478	4824	9857
2633	7030	556	9401	6384
6693	722	1022	5397	1034
9699	7842	4270	8037	6651
692	1602	5038	7655	5530
6661	8353	5810	1457	4746
868	3375	714	4963	4045
4174	2998	6483	4094	9922
6366	1414	8041	2776	3598
4812	7125	3604	6390	6424
7832	2208	7123	7267	4077
8588	9983	1429	8880	6470
221	3846	1398	5403	5109
9023	5243	2038	8915	1978
8359	9920	9855	9759	421
5884	8826	6854	4391	9081
5823	351	7545	4184	4908
4472	3246	6961	2	4412
9211	4480	243	643	3768
