554
688
933
987
631
810
850
776
145
249
225
431
620
415
530
221
88
112
661
283
970
993
735
351
440
676
37
681
231
169
862
576
706
968
339
632
375
294
207
82
253
956
84
149
109
894
942
830
542
712
662
414
946
427
433
972
189
201
371
473
461
17
453
737
298
83
161
281
783
488
645
751
227
899
355
630
452
32
911
684
467
41
124
651
878
318
361
596
160
873
276
771
557
848
799
514
242
377
199
586
611
182
64
638
409
641
561
906
359
924
457
211
639
100
508
533
106
762
422
312
342
515
730
67
501
908
442
912
158
222
879
428
517
773
690
443
198
733
97
748
70
857
729
732
794
700
544
154
898
290
893
197
80
229
311
117
285
25
419
348
140
506
423
581
914
240
230
464
79
986
562
937
86
171
540
282
114
758
192
363
254
932
357
280
402
934
179
610
203
12
120
923
595
718
341
321
46
299
635
838
647
105
328
256
589
226
314
532
785
769
425
592
569
882
809
994
768
220
165
626
122
971
444
781
14
104
558
420
744
989
301
612
948
686
547
505
702
977
682
890
990
246
603
919
801
577
460
329
435
272
984
38
756
382
479
265
214
973
572
325
869
410
877
931
892
130
920
526
296
728
709
992
1000
917
763
356
196
71
278
814
429
157
216
484
710
944
587
761
107
741
649
678
941
362
789
705
400
563
654
150
853
439
94
247
288
326
689
711
842
172
839
175
482
498
634
943
466
897
904
406
485
136
146
792
349
965
480
597
195
142
373
344
512
821
143
619
147
258
21
335
991
354
531
426
566
462
352
399
840
995
600
481
593
10
717
275
187
174
573
909
190
747
257
666
905
550
347
886
59
716
277
151
411
137
955
295
522
743
640
875
44
835
113
767
782
343
390
111
417
487
836
478
803
952
604
591
598
847
528
721
271
824
852
47
582
470
372
896
191
81
315
378
975
960
471
707
24
964
40
108
269
53
667
580
177
496
565
549
73
441
607
287
698
139
34
267
251
248
846
128
125
523
458
804
969
865
5
224
529
465
293
811
7
766
385
759
868
217
564
691
474
11
659
133
19
483
816
69
827
671
843
152
844
797
625
58
266
513
56
584
722
16
337
787
687
455
141
574
386
657
85
424
403
330
15
736
777
674
497
126
927
953
841
138
673
548
796
618
815
921
738
170
947
739
704
553
703
795
806
322
536
96
365
670
380
155
760
176
791
180
765
239
26
370
926
42
98
778
623
813
978
95
856
825
510
99
284
218
950
223
376
438
279
538
388
889
3
874
236
273
469
961
116
958
575
922
880
381
156
694
683
243
144
205
245
183
118
93
518
393
543
845
974
935
379
745
475
808
599
590
851
757
186
238
489
445
185
726
606
539
527
407
499
310
571
775
819
855
998
115
90
23
962
535
50
872
774
233
740
334
664
268
327
675
859
408
863
524
360
658
303
91
622
22
556
289
366
779
895
336
29
184
579
609
244
772
320
966
940
486
164
996
823
754
163
324
353
364
980
696
1
742
910
6
178
885
87
446
416
887
764
976
490
135
274
255
669
653
62
708
668
103
232
833
520
61
463
13
33
780
583
624
713
613
78
665
134
291
188
250
319
55
168
65
812
437
786
102
66
52
585
507
951
629
963
648
663
331
340
447
494
418
643
903
979
954
162
621
27
313
413
63
693
292
398
167
2
615
770
660
519
449
752
715
305
820
304
746
316
8
492
405
306
297
48
119
957
555
817
472
679
384
31
49
559
476
166
454
870
828
807
209
350
43
655
913
509
988
891
270
692
888
110
76
568
849
608
642
477
837
121
832
902
521
723
936
51
646
74
60
92
617
54
18
72
516
30
918
697
394
421
685
317
755
939
560
389
148
928
545
930
129
551
123
884
734
193
753
4
502
680
633
432
949
430
404
699
260
876
308
392
800
468
637
727
9
784
672
831
985
448
395
907
234
925
829
798
383
628
652
701
900
861
101
601
503
493
537
570
215
35
204
194
945
982
864
212
627
396
650
866
401
915
286
588
159
412
656
369
867
534
387
75
834
605
546
202
456
181
725
374
210
858
173
500
241
20
883
616
938
323
602
967
127
261
805
263
749
731
45
695
252
68
307
397
338
578
262
901
391
237
822
818
89
77
636
434
720
36
300
459
959
854
793
790
368
929
333
28
719
916
525
264
714
206
504
259
491
871
677
345
802
213
750
826
200
309
208
981
228
614
436
567
358
450
788
552
999
219
644
346
511
860
367
451
332
235
594
495
541
153
983
302
132
39
131
57
881
724
997
554
688
933
987
631
810
850
776
145
249
225
431
620
415
530
221
88
112
661
283
970
993
735
351
440
676
37
681
231
169
862
576
706
968
339
632
375
294
207
82
253
956
84
149
109
894
942
830
542
712
662
414
946
427
433
972
189
201
371
473
461
17
453
737
298
83
161
281
783
488
645
751
227
899
355
630
452
32
911
684
467
41
124
651
878
318
361
596
160
873
276
771
557
848
799
514
242
377
199
586
611
182
64
638
409
641
561
906
359
924
457
211
639
100
508
533
106
762
422
312
342
515
730
67
501
908
442
912
158
222
879
428
517
773
690
443
198
733
97
748
70
857
729
732
794
700
544
154
898
290
893
197
80
229
311
117
285
25
419
348
140
506
423
581
914
240
230
464
79
986
562
937
86
171
540
282
114
758
192
363
254
932
357
280
402
934
179
610
203
12
120
923
595
718
341
321
46
299
635
838
647
105
328
256
589
226
314
532
785
769
425
592
569
882
809
994
768
220
165
626
122
971
444
781
14
104
558
420
744
989
301
612
948
686
547
505
702
977
682
890
990
246
603
919
801
577
460
329
435
272
984
38
756
382
479
265
214
973
572
325
869
410
877
931
892
130
920
526
296
728
709
992
1000
917
763
356
196
71
278
814
429
157
216
484
710
944
587
761
107
741
649
678
941
362
789
705
400
563
654
150
853
439
94
247
288
326
689
711
842
172
839
175
482
498
634
943
466
897
904
406
485
136
146
792
349
965
480
597
195
142
373
344
512
821
143
619
147
258
21
335
991
354
531
426
566
462
352
399
840
995
600
481
593
10
717
275
187
174
573
909
190
747
257
666
905
550
347
886
59
716
277
151
411
137
955
295
522
743
640
875
44
835
113
767
782
343
390
111
417
487
836
478
803
952
604
591
598
847
528
721
271
824
852
47
582
470
372
896
191
81
315
378
975
960
471
707
24
964
40
108
269
53
667
580
177
496
565
549
73
441
607
287
698
139
34
267
251
248
846
128
125
523
458
804
969
865
5
224
529
465
293
811
7
766
385
759
868
217
564
691
474
11
659
133
19
483
816
69
827
671
843
152
844
797
625
58
266
513
56
584
722
16
337
787
687
455
141
574
386
657
85
424
403
330
15
736
777
674
497
126
927
953
841
138
673
548
796
618
815
921
738
170
947
739
704
553
703
795
806
322
536
96
365
670
380
155
760
176
791
180
765
239
26
370
926
42
98
778
623
813
978
95
856
825
510
99
284
218
950
223
376
438
279
538
388
889
3
874
236
273
469
961
116
958
575
922
880
381
156
694
683
243
144
205
245
183
118
93
518
393
543
845
974
935
379
745
475
808
599
590
851
757
186
238
489
445
185
726
606
539
527
407
499
310
571
775
819
855
998
115
90
23
962
535
50
872
774
233
740
334
664
268
327
675
859
408
863
524
360
658
303
91
622
22
556
289
366
779
895
336
29
184
579
609
244
772
320
966
940
486
164
996
823
754
163
324
353
364
980
696
1
742
910
6
178
885
87
446
416
887
764
976
490
135
274
255
669
653
62
708
668
103
232
833
520
61
463
13
33
780
583
624
713
613
78
665
134
291
188
250
319
55
168
65
812
437
786
102
66
52
585
507
951
629
963
648
663
331
340
447
494
418
643
903
979
954
162
621
27
313
413
63
693
292
398
167
2
615
770
660
519
449
752
715
305
820
304
746
316
8
492
405
306
297
48
119
957
555
817
472
679
384
31
49
559
476
166
454
870
828
807
209
350
43
655
913
509
988
891
270
692
888
110
76
568
849
608
642
477
837
121
832
902
521
723
936
51
646
74
60
92
617
54
18
72
516
30
918
697
394
421
685
317
755
939
560
389
148
928
545
930
129
551
123
884
734
193
753
4
502
680
633
432
949
430
404
699
260
876
308
392
800
468
637
727
9
784
672
831
985
448
395
907
234
925
829
798
383
628
652
701
900
861
101
601
503
493
537
570
215
35
204
194
945
982
864
212
627
396
650
866
401
915
286
588
159
412
656
369
867
534
387
75
834
605
546
202
456
181
725
374
210
858
173
500
241
20
883
616
938
323
602
967
127
261
805
263
749
731
45
695
252
68
307
397
338
578
262
901
391
237
822
818
89
77
636
434
720
36
300
459
959
854
793
790
368
929
333
28
719
916
525
264
714
206
504
259
491
871
677
345
802
213
750
826
200
309
208
981
228
614
436
567
358
450
788
552
999
219
644
346
511
860
367
451
332
235
594
495
541
153
983
302
132
39
131
57
881
724
997
